rykh: 835332.5517942358
ggko: 204657.2818074576
thmoex: 15488.634857549601
GUOVNZT: 38749
srrvztu: 331539.0644830674
ELTL: 713041
KWFUS: 47730
qbuxepn: 139877.32515594817
HBGLYOD: 208277
otsy: 137222.3591046234
fahrnrt: 835332.5517942358
lqpbhoq: 204657.2818074576
gbeji: 15488.634857549601
UCGKOZU: 38749
bzdcy: 331539.0644830674
